-50.557797 152.358154 
-50.502822 152.669838 
-50.439730 152.982079 
-50.368519 153.294432 
-50.289194 153.606459 
-50.201766 153.917728 
-50.106255 154.227812 
-50.002686 154.536292 
-49.891090 154.842760 
-49.771506 155.146816 
-49.643980 155.448070 
-49.508561 155.746145 
-49.365306 156.040678 
-49.214280 156.331316 
-49.055549 156.617723 
-48.889188 156.899575 
-48.715275 157.176565 
-48.533894 157.448401 
-48.345134 157.714805 
-48.149087 157.975520 
-47.945850 158.230300 
-47.735523 158.478919 
-47.518213 158.721167 
-47.294025 158.956851 
-47.063070 159.185794 
-46.825464 159.407837 
-46.581320 159.622836 
-46.330760 159.830664 
-46.073902 160.031211 
-45.810870 160.224382 
-45.541789 160.410099 
-45.266783 160.588296 
-44.985981 160.758926 
-44.699510 160.921954 
-44.407499 161.077360 
-44.110080 161.225136 
-43.807381 161.365290 
-43.499534 161.497841 
-43.186671 161.622820 
-42.868922 161.740272 
-42.546420 161.850249 
-42.219297 161.952818 
-41.887683 162.048055 
-41.551710 162.136046 
-41.211510 162.216884 
-40.867212 162.290675 
-40.518949 162.357530 
-40.166849 162.417569 
-39.811043 162.470921 
-39.451659 162.517719 
-39.088827 162.558106 
-38.722676 162.592228 
-38.353332 162.620239 
-37.980923 162.642297 
-37.605577 162.658565 
-37.227419 162.669213 
-36.846576 162.674411 
-36.463174 162.674336 
-36.077337 162.669168 
-35.689190 162.659089 
-35.298858 162.644284 
-34.906465 162.624941 
-34.512135 162.601251 
-34.115991 162.573405 
-33.718157 162.541597 
-33.318756 162.506021 
-32.917910 162.466874 
-32.515743 162.424353 
-32.112378 162.378654 
-31.707936 162.329975 
-31.302542 162.278513 
-30.896316 162.224467 
-30.489383 162.168032 
-30.081864 162.109406 
-29.673882 162.048784 
-29.265560 161.986361 
-28.857021 161.922330 
-28.448387 161.856883 
-28.039782 161.790211 
-27.631330 161.722503 
-27.223152 161.653945 
-26.815373 161.584723 
-26.408116 161.515020 
-26.001504 161.445015 
-25.595662 161.374887 
-25.190714 161.304810 
-24.786782 161.234958 
-24.383991 161.165500 
-23.982465 161.096603 
-23.582328 161.028429 
-23.183704 160.961140 
-22.786717 160.894891 
-22.391490 160.829837 
-21.998147 160.766127 
-21.606812 160.703907 
-21.217607 160.643320 
-20.830657 160.584502 
-20.446083 160.527590 
-20.064008 160.472713 
-19.684553 160.419996 
-19.307840 160.369563 
-18.933991 160.321531 
-18.563124 160.276012 
-18.195360 160.233116 
-17.830818 160.192947 
-17.469615 160.155604 
-17.111868 160.121181 
-16.757695 160.089771 
-16.407210 160.061457 
-16.060527 160.036320 
-15.717760 160.014437 
-15.379020 159.995877 
-15.044418 159.980708 
-14.714062 159.968989 
-14.388061 159.960778 
-14.066522 159.956124 
-13.749547 159.955075 
-13.437242 159.957669 
-13.129706 159.963945 
-12.827040 159.973931 
-12.529342 159.987653 
-12.236706 160.005133 
-11.949228 160.026384 
-11.666998 160.051418 
-11.390107 160.080240 
-11.118642 160.112849 
-10.852689 160.149241 
-10.592331 160.189406 
-10.337649 160.233328 
-10.088721 160.280988 
-9.845623 160.332360 
-9.608429 160.387415 
-9.377210 160.446118 
-9.152036 160.508430 
-8.932971 160.574306 
-8.720080 160.643697 
-8.513423 160.716550 
-8.313058 160.792807 
-8.119042 160.872405 
-7.931428 160.955277 
-7.750264 161.041352 
-7.575600 161.130554 
-7.407479 161.222802 
-7.245943 161.318014 
-7.091033 161.416102 
-6.942784 161.516973 
-6.801230 161.620532 
-6.666403 161.726680 
-6.538330 161.835313 
-6.417037 161.946326 
-6.302548 162.059609 
-6.194882 162.175049 
-6.094057 162.292530 
-6.000087 162.411932 
-5.912986 162.533134 
-5.832762 162.656011 
-5.759423 162.780435 
-5.692973 162.906276 
-5.633414 163.033403 
-5.580745 163.161680 
-5.534964 163.290970 
-5.496066 163.421136 
-5.464041 163.552035 
-5.438881 163.683527 
-5.420572 163.815466 
-5.409100 163.947708 
-5.404447 164.080105 
-5.406595 164.212509 
-5.415523 164.344772 
-5.431206 164.476743 
-5.453618 164.608271 
-5.482733 164.739205 
-5.518521 164.869393 
-5.560950 164.998681 
-5.609986 165.126918 
-5.665595 165.253951 
-5.727738 165.379625 
-5.796376 165.503789 
-5.871469 165.626290 
-5.952974 165.746975 
-6.040847 165.865693 
-6.135042 165.982293 
-6.235510 166.096623 
-6.342203 166.208535 
-6.455070 166.317880 
-6.574059 166.424511 
-6.699114 166.528280 
-6.830182 166.629044 
-6.967205 166.726658 
-7.110124 166.820981 
-7.258880 166.911873 
-7.413411 166.999195 
-7.573656 167.082812 
-7.739550 167.162587 
-7.911027 167.238390 
-8.088022 167.310090 
-8.270465 167.377559 
-8.458289 167.440673 
-8.651423 167.499309 
-8.849794 167.553346 
-9.053330 167.602669 
-9.261956 167.647162 
-9.475598 167.686714 
-9.694178 167.721218 
-9.917620 167.750567 
-10.145843 167.774662 
-10.378769 167.793403 
-10.616315 167.806696 
-10.858400 167.814449 
-11.104941 167.816576 
-11.355852 167.812992 
-11.611048 167.803617 
-11.870444 167.788377 
-12.133951 167.767198 
-12.401482 167.740014 
-12.672946 167.706761 
-12.948254 167.667379 
-13.227314 167.621814 
-13.510034 167.570016 
-13.796322 167.511939 
-14.086084 167.447542 
-14.379226 167.376789 
-14.675652 167.299647 
-14.975266 167.216092 
-15.277973 167.126099 
-15.583675 167.029654 
-15.892275 166.926744 
-16.203675 166.817364 
-16.517776 166.701511 
-16.834479 166.579189 
-17.153686 166.450409 
-17.475297 166.315185 
-17.799213 166.173538 
-18.125332 166.025492 
-18.453557 165.871080 
-18.783786 165.710338 
-19.115921 165.543310 
-19.449860 165.370043 
-19.785505 165.190592 
-20.122756 165.005017 
-20.461515 164.813383 
-20.801683 164.615761 
-21.143161 164.412230 
-21.485852 164.202873 
-21.829659 163.987778 
-22.174486 163.767041 
-22.520237 163.540764 
-22.866818 163.309052 
-23.214134 163.072018 
-23.562093 162.829783 
-23.910603 162.582469 
-24.259574 162.330209 
-24.608915 162.073137 
-24.958539 161.811396 
-25.308359 161.545135 
-25.658288 161.274506 
-26.008243 160.999670 
-26.358141 160.720790 
-26.707901 160.438038 
-27.057443 160.151590 
-27.406689 159.861626 
-27.755562 159.568334 
-28.103989 159.271905 
-28.451894 158.972536 
-28.799208 158.670430 
-29.145861 158.365793 
-29.491785 158.058837 
-29.836913 157.749778 
-30.181181 157.438837 
-30.524526 157.126239 
-30.866889 156.812213 
-31.208208 156.496994 
-31.548427 156.180818 
-31.887491 155.863926 
-32.225343 155.546563 
-32.561933 155.228976 
-32.897208 154.911418 
-33.231119 154.594141 
-33.563618 154.277403 
-33.894657 153.961463 
-34.224191 153.646583 
-34.552175 153.333026 
-34.878565 153.021058 
-35.203319 152.710946 
-35.526396 152.402960 
-35.847753 152.097368 
-36.167352 151.794442 
-36.485152 151.494454 
-36.801114 151.197674 
-37.115199 150.904376 
-37.427369 150.614831 
-37.737584 150.329311 
-38.045806 150.048087 
-38.351995 149.771428 
-38.656113 149.499604 
-38.958120 149.232882 
-39.257974 148.971528 
-39.555635 148.715805 
-39.851061 148.465974 
-40.144209 148.222294 
-40.435033 147.985020 
-40.723489 147.754406 
-41.009529 147.530699 
-41.293104 147.314144 
-41.574165 147.104984 
-41.852658 146.903452 
-42.128531 146.709782 
-42.401725 146.524199 
-42.672184 146.346924 
-42.939846 146.178172 
-43.204648 146.018151 
-43.466524 145.867063 
-43.725408 145.725105 
-43.981227 145.592462 
-44.233908 145.469316 
-44.483377 145.355839 
-44.729553 145.252194 
-44.972354 145.158537 
-45.211698 145.075012 
-45.447495 145.001755 
-45.679657 144.938894 
-45.908090 144.886542 
-46.132698 144.844804 
-46.353384 144.813775 
-46.570045 144.793534 
-46.782577 144.784153 
-46.990876 144.785686 
-47.194831 144.798179 
-47.394332 144.821662 
-47.589265 144.856151 
-47.779515 144.901648 
-47.964965 144.958143 
-48.145495 145.025607 
-48.320985 145.103998 
-48.491313 145.193258 
-48.656356 145.293314 
-48.815990 145.404075 
-48.970090 145.525435 
-49.118531 145.657270 
-49.261189 145.799442 
-49.397937 145.951792 
-49.528651 146.114146 
-49.653208 146.286314 
-49.771485 146.468088 
-49.883360 146.659242 
-49.988713 146.859535 
-50.087427 147.068707 
-50.179386 147.286484 
-50.264478 147.512575 
-50.342592 147.746674 
-50.413622 147.988458 
-50.477465 148.237591 
-50.534023 148.493723 
-50.583201 148.756489 
-50.624908 149.025513 
-50.659060 149.300408 
-50.685577 149.580774 
-50.704384 149.866203 
-50.715411 150.156275 
-50.718597 150.450566 
-50.713883 150.748643 
-50.701219 151.050068 
-50.680561 151.354398 
-50.651871 151.661186 
-50.615118 151.969986 
-50.570277 152.280348 
