-42.961969 -123.658810 
-42.789823 -123.505376 
-42.611447 -123.358469 
-42.426987 -123.218256 
-42.236592 -123.084895 
-42.040411 -122.958531 
-41.838595 -122.839300 
-41.631295 -122.727327 
-41.418660 -122.622727 
-41.200844 -122.525604 
-40.977996 -122.436052 
-40.750267 -122.354155 
-40.517807 -122.279989 
-40.280766 -122.213617 
-40.039291 -122.155096 
-39.793530 -122.104472 
-39.543628 -122.061783 
-39.289730 -122.027058 
-39.031978 -122.000316 
-38.770514 -121.981570 
-38.505476 -121.970825 
-38.237002 -121.968076 
-37.965226 -121.973313 
-37.690280 -121.986516 
-37.412296 -122.007660 
-37.131401 -122.036713 
-36.847721 -122.073634 
-36.561377 -122.118379 
-36.272490 -122.170895 
-35.981177 -122.231123 
-35.687554 -122.299000 
-35.391731 -122.374455 
-35.093817 -122.457413 
-34.793919 -122.547793 
-34.492140 -122.645507 
-34.188579 -122.750466 
-33.883334 -122.862571 
-33.576499 -122.981723 
-33.268166 -123.107814 
-32.958422 -123.240735 
-32.647355 -123.380370 
-32.335046 -123.526600 
-32.021575 -123.679301 
-31.707019 -123.838346 
-31.391452 -124.003603 
-31.074947 -124.174937 
-30.757571 -124.352208 
-30.439391 -124.535274 
-30.120470 -124.723988 
-29.800870 -124.918201 
-29.480649 -125.117760 
-29.159864 -125.322508 
-28.838567 -125.532286 
-28.516812 -125.746931 
-28.194648 -125.966279 
-27.872122 -126.190162 
-27.549280 -126.418409 
-27.226165 -126.650846 
-26.902819 -126.887299 
-26.579283 -127.127589 
-26.255596 -127.371536 
-25.931793 -127.618959 
-25.607911 -127.869672 
-25.283985 -128.123491 
-24.960047 -128.380228 
-24.636130 -128.639693 
-24.312265 -128.901696 
-23.988483 -129.166045 
-23.664812 -129.432547 
-23.341282 -129.701008 
-23.017922 -129.971233 
-22.694758 -130.243027 
-22.371819 -130.516192 
-22.049133 -130.790532 
-21.726726 -131.065851 
-21.404626 -131.341951 
-21.082859 -131.618636 
-20.761454 -131.895707 
-20.440439 -132.172968 
-20.119841 -132.450224 
-19.799688 -132.727279 
-19.480011 -133.003937 
-19.160839 -133.280005 
-18.842202 -133.555291 
-18.524131 -133.829602 
-18.206659 -134.102750 
-17.889818 -134.374545 
-17.573643 -134.644800 
-17.258168 -134.913331 
-16.943430 -135.179955 
-16.629466 -135.444491 
-16.316314 -135.706761 
-16.004014 -135.966589 
-15.692608 -136.223802 
-15.382137 -136.478230 
-15.072645 -136.729704 
-14.764178 -136.978060 
-14.456781 -137.223138 
-14.150503 -137.464779 
-13.845393 -137.702828 
-13.541502 -137.937134 
-13.238883 -138.167551 
-12.937587 -138.393934 
-12.637672 -138.616145 
-12.339193 -138.834046 
-12.042208 -139.047508 
-11.746777 -139.256402 
-11.452960 -139.460606 
-11.160820 -139.660002 
-10.870419 -139.854474 
-10.581822 -140.043914 
-10.295096 -140.228217 
-10.010307 -140.407283 
-9.727524 -140.581017 
-9.446816 -140.749328 
-9.168253 -140.912131 
-8.891909 -141.069345 
-8.617854 -141.220894 
-8.346163 -141.366709 
-8.076910 -141.506724 
-7.810170 -141.640878 
-7.546020 -141.769118 
-7.284536 -141.891392 
-7.025797 -142.007656 
-6.769879 -142.117872 
-6.516862 -142.222004 
-6.266825 -142.320023 
-6.019848 -142.411907 
-5.776010 -142.497637 
-5.535393 -142.577199 
-5.298077 -142.650585 
-5.064142 -142.717794 
-4.833671 -142.778826 
-4.606743 -142.833691 
-4.383441 -142.882399 
-4.163845 -142.924971 
-3.948037 -142.961427 
-3.736098 -142.991797 
-3.528108 -143.016112 
-3.324148 -143.034412 
-3.124299 -143.046739 
-2.928641 -143.053140 
-2.737252 -143.053667 
-2.550213 -143.048378 
-2.367602 -143.037335 
-2.189497 -143.020603 
-2.015976 -142.998253 
-1.847116 -142.970361 
-1.682992 -142.937006 
-1.523682 -142.898272 
-1.369259 -142.854246 
-1.219798 -142.805021 
-1.075372 -142.750693 
-0.936053 -142.691362 
-0.801913 -142.627130 
-0.673022 -142.558107 
-0.549449 -142.484401 
-0.431263 -142.406129 
-0.318531 -142.323407 
-0.211320 -142.236357 
-0.109693 -142.145103 
-0.013716 -142.049772 
0.076549 -141.950494 
0.161042 -141.847401 
0.239702 -141.740630 
0.312470 -141.630317 
0.379289 -141.516604 
0.440104 -141.399634 
0.494861 -141.279549 
0.543506 -141.156498 
0.585988 -141.030628 
0.622258 -140.902090 
0.652268 -140.771035 
0.675971 -140.637617 
0.693323 -140.501988 
0.704281 -140.364306 
0.708805 -140.224725 
0.706854 -140.083404 
0.698391 -139.940499 
0.683382 -139.796168 
0.661793 -139.650571 
0.633592 -139.503865 
0.598749 -139.356210 
0.557239 -139.207762 
0.509035 -139.058682 
0.454114 -138.909125 
0.392457 -138.759249 
0.324043 -138.609211 
0.248858 -138.459164 
0.166887 -138.309263 
0.078118 -138.159661 
-0.017457 -138.010509 
-0.119845 -137.861957 
-0.229051 -137.714153 
-0.345075 -137.567241 
-0.467918 -137.421368 
-0.597575 -137.276673 
-0.734041 -137.133297 
-0.877307 -136.991377 
-1.027361 -136.851045 
-1.184189 -136.712435 
-1.347774 -136.575674 
-1.518097 -136.440888 
-1.695135 -136.308199 
-1.878862 -136.177726 
-2.069252 -136.049584 
-2.266271 -135.923885 
-2.469888 -135.800738 
-2.680065 -135.680246 
-2.896761 -135.562510 
-3.119936 -135.447627 
-3.349543 -135.335688 
-3.585534 -135.226782 
-3.827857 -135.120993 
-4.076459 -135.018399 
-4.331281 -134.919076 
-4.592265 -134.823094 
-4.859345 -134.730519 
-5.132458 -134.641411 
-5.411533 -134.555826 
-5.696499 -134.473817 
-5.987282 -134.395428 
-6.283802 -134.320703 
-6.585981 -134.249676 
-6.893734 -134.182380 
-7.206976 -134.118840 
-7.525618 -134.059079 
-7.849567 -134.003111 
-8.178730 -133.950949 
-8.513010 -133.902597 
-8.852306 -133.858055 
-9.196517 -133.817321 
-9.545537 -133.780382 
-9.899258 -133.747225 
-10.257572 -133.717829 
-10.620365 -133.692167 
-10.987522 -133.670210 
-11.358926 -133.651922 
-11.734457 -133.637260 
-12.113994 -133.626180 
-12.497412 -133.618628 
-12.884586 -133.614550 
-13.275386 -133.613882 
-13.669683 -133.616558 
-14.067343 -133.622507 
-14.468233 -133.631652 
-14.872217 -133.643911 
-15.279155 -133.659197 
-15.688909 -133.677420 
-16.101337 -133.698483 
-16.516296 -133.722285 
-16.933641 -133.748722 
-17.353226 -133.777682 
-17.774903 -133.809052 
-18.198524 -133.842712 
-18.623938 -133.878540 
-19.050993 -133.916407 
-19.479537 -133.956181 
-19.909416 -133.997728 
-20.340476 -134.040907 
-20.772560 -134.085574 
-21.205511 -134.131582 
-21.639173 -134.178780 
-22.073386 -134.227012 
-22.507992 -134.276121 
-22.942831 -134.325944 
-23.377742 -134.376318 
-23.812564 -134.427074 
-24.247136 -134.478042 
-24.681297 -134.529048 
-25.114883 -134.579917 
-25.547733 -134.630469 
-25.979684 -134.680525 
-26.410572 -134.729902 
-26.840235 -134.778415 
-27.268508 -134.825878 
-27.695230 -134.872104 
-28.120235 -134.916904 
-28.543362 -134.960089 
-28.964447 -135.001467 
-29.383327 -135.040849 
-29.799838 -135.078043 
-30.213819 -135.112859 
-30.625107 -135.145105 
-31.033539 -135.174593 
-31.438954 -135.201133 
-31.841192 -135.224538 
-32.240090 -135.244623 
-32.635488 -135.261203 
-33.027227 -135.274098 
-33.415148 -135.283129 
-33.799092 -135.288120 
-34.178901 -135.288899 
-34.554418 -135.285300 
-34.925487 -135.277158 
-35.291953 -135.264315 
-35.653661 -135.246617 
-36.010457 -135.223917 
-36.362190 -135.196073 
-36.708708 -135.162951 
-37.049862 -135.124422 
-37.385502 -135.080365 
-37.715482 -135.030670 
-38.039656 -134.975231 
-38.357879 -134.913955 
-38.670010 -134.846754 
-38.975908 -134.773554 
-39.275434 -134.694290 
-39.568453 -134.608906 
-39.854829 -134.517358 
-40.134431 -134.419616 
-40.407129 -134.315658 
-40.672796 -134.205477 
-40.931309 -134.089078 
-41.182546 -133.966479 
-41.426390 -133.837710 
-41.662726 -133.702816 
-41.891442 -133.561856 
-42.112432 -133.414900 
-42.325591 -133.262036 
-42.530820 -133.103363 
-42.728023 -132.938995 
-42.917109 -132.769060 
-43.097992 -132.593701 
-43.270591 -132.413074 
-43.434827 -132.227349 
-43.590630 -132.036709 
-43.737934 -131.841351 
-43.876676 -131.641484 
-44.006804 -131.437331 
-44.128266 -131.229124 
-44.241019 -131.017111 
-44.345027 -130.801548 
-44.440257 -130.582702 
-44.526686 -130.360849 
-44.604294 -130.136277 
-44.673069 -129.909278 
-44.733008 -129.680155 
-44.784110 -129.449217 
-44.826383 -129.216778 
-44.859844 -128.983159 
-44.884512 -128.748682 
-44.900415 -128.513677 
-44.907590 -128.278472 
-44.906076 -128.043399 
-44.895922 -127.808790 
-44.877182 -127.574978 
-44.849916 -127.342293 
-44.814192 -127.111065 
-44.770083 -126.881620 
-44.717666 -126.654282 
-44.657027 -126.429369 
-44.588257 -126.207195 
-44.511449 -125.988069 
-44.426706 -125.772291 
-44.334132 -125.560157 
-44.233839 -125.351955 
-44.125941 -125.147964 
-44.010556 -124.948454 
-43.887809 -124.753689 
-43.757826 -124.563920 
-43.620736 -124.379390 
-43.476674 -124.200333 
-43.325775 -124.026973 
-43.168179 -123.859521 
-43.004027 -123.698180 
