-17.830173 75.119712 
-17.835979 75.335617 
-17.834839 75.554645 
-17.826691 75.776586 
-17.811477 76.001228 
-17.789146 76.228361 
-17.759647 76.457773 
-17.722936 76.689253 
-17.678972 76.922590 
-17.627718 77.157574 
-17.569143 77.393996 
-17.503220 77.631647 
-17.429925 77.870321 
-17.349240 78.109813 
-17.261152 78.349922 
-17.165650 78.590446 
-17.062732 78.831190 
-16.952396 79.071959 
-16.834648 79.312562 
-16.709498 79.552812 
-16.576960 79.792526 
-16.437052 80.031525 
-16.289800 80.269634 
-16.135230 80.506683 
-15.973377 80.742507 
-15.804277 80.976945 
-15.627973 81.209843 
-15.444513 81.441051 
-15.253946 81.670425 
-15.056330 81.897827 
-14.851723 82.123125 
-14.640192 82.346192 
-14.421804 82.566911 
-14.196632 82.785165 
-13.964754 83.000850 
-13.726252 83.213864 
-13.481209 83.424113 
-13.229717 83.631511 
-12.971867 83.835976 
-12.707756 84.037436 
-12.437486 84.235822 
-12.161160 84.431075 
-11.878885 84.623142 
-11.590774 84.811975 
-11.296940 84.997535 
-10.997501 85.179788 
-10.692578 85.358708 
-10.382294 85.534274 
-10.066777 85.706473 
-9.746157 85.875297 
-9.420565 86.040746 
-9.090138 86.202824 
-8.755012 86.361544 
-8.415329 86.516922 
-8.071231 86.668981 
-7.722863 86.817750 
-7.370373 86.963265 
-7.013910 87.105563 
-6.653625 87.244692 
-6.289672 87.380700 
-5.922208 87.513643 
-5.551388 87.643582 
-5.177371 87.770580 
-4.800320 87.894707 
-4.420394 88.016035 
-4.037759 88.134643 
-3.652579 88.250612 
-3.265019 88.364026 
-2.875249 88.474975 
-2.483435 88.583549 
-2.089749 88.689845 
-1.694359 88.793959 
-1.297438 88.895993 
-0.899158 88.996050 
-0.499692 89.094234 
-0.099212 89.190655 
0.302106 89.285421 
0.704088 89.378644 
1.106560 89.470437 
1.509346 89.560914 
1.912272 89.650190 
2.315161 89.738382 
2.717837 89.825606 
3.120127 89.911981 
3.521853 89.997623 
3.922842 90.082651 
4.322918 90.167183 
4.721907 90.251335 
5.119635 90.335226 
5.515928 90.418971 
5.910614 90.502685 
6.303521 90.586483 
6.694478 90.670477 
7.083314 90.754780 
7.469861 90.839499 
7.853950 90.924744 
8.235414 91.010620 
8.614087 91.097229 
8.989806 91.184673 
9.362408 91.273049 
9.731731 91.362452 
10.097616 91.452975 
10.459905 91.544706 
10.818442 91.637729 
11.173074 91.732128 
11.523648 91.827978 
11.870015 91.925355 
12.212028 92.024327 
12.549540 92.124960 
12.882410 92.227315 
13.210498 92.331447 
13.533666 92.437408 
13.851779 92.545244 
14.164706 92.654997 
14.472317 92.766702 
14.774487 92.880392 
15.071093 92.996090 
15.362016 93.113818 
15.647140 93.233590 
15.926351 93.355414 
16.199540 93.479293 
16.466602 93.605226 
16.727436 93.733202 
16.981942 93.863208 
17.230026 93.995223 
17.471599 94.129221 
17.706574 94.265170 
17.934867 94.403031 
18.156403 94.542761 
18.371105 94.684309 
18.578906 94.827620 
18.779739 94.972631 
18.973544 95.119277 
19.160265 95.267484 
19.339849 95.417174 
19.512249 95.568263 
19.677422 95.720662 
19.835331 95.874277 
19.985941 96.029009 
20.129224 96.184753 
20.265156 96.341402 
20.393717 96.498841 
20.514892 96.656953 
20.628671 96.815616 
20.735049 96.974705 
20.834025 97.134090 
20.925602 97.293638 
21.009789 97.453213 
21.086599 97.612675 
21.156049 97.771882 
21.218162 97.930688 
21.272964 98.088948 
21.320485 98.246510 
21.360761 98.403224 
21.393830 98.558936 
21.419737 98.713491 
21.438529 98.866735 
21.450258 99.018509 
21.454978 99.168657 
21.452750 99.317019 
21.443636 99.463438 
21.427703 99.607756 
21.405020 99.749813 
21.375662 99.889451 
21.339706 100.026513 
21.297230 100.160843 
21.248318 100.292284 
21.193056 100.420682 
21.131532 100.545883 
21.063838 100.667736 
20.990067 100.786090 
20.910317 100.900797 
20.824684 101.011711 
20.733271 101.118687 
20.636179 101.221583 
20.533513 101.320260 
20.425380 101.414581 
20.311887 101.504411 
20.193144 101.589619 
20.069261 101.670076 
19.940350 101.745656 
19.806524 101.816236 
19.667898 101.881697 
19.524586 101.941923 
19.376704 101.996800 
19.224367 102.046219 
19.067693 102.090074 
18.906798 102.128263 
18.741800 102.160686 
18.572815 102.187248 
18.399962 102.207859 
18.223356 102.222429 
18.043116 102.230875 
17.859357 102.233118 
17.672196 102.229081 
17.481748 102.218693 
17.288129 102.201884 
17.091452 102.178592 
16.891831 102.148757 
16.689379 102.112323 
16.484207 102.069239 
16.276425 102.019457 
16.066142 101.962934 
15.853467 101.899633 
15.638505 101.829520 
15.421362 101.752563 
15.202141 101.668739 
14.980944 101.578025 
14.757871 101.480407 
14.533021 101.375872 
14.306491 101.264413 
14.078375 101.146027 
13.848765 101.020717 
13.617754 100.888489 
13.385428 100.749354 
13.151876 100.603329 
12.917182 100.450436 
12.681426 100.290698 
12.444691 100.124147 
12.207052 99.950819 
11.968585 99.770753 
11.729364 99.583994 
11.489457 99.390592 
11.248933 99.190602 
11.007857 98.984084 
10.766292 98.771102 
10.524298 98.551725 
10.281931 98.326028 
10.039248 98.094089 
9.796300 97.855994 
9.553137 97.611830 
9.309805 97.361691 
9.066348 97.105677 
8.822809 96.843890 
8.579226 96.576438 
8.335635 96.303434 
8.092069 96.024995 
7.848560 95.741245 
7.605136 95.452309 
7.361822 95.158318 
7.118642 94.859409 
6.875616 94.555721 
6.632763 94.247399 
6.390098 93.934591 
6.147634 93.617451 
5.905383 93.296135 
5.663353 92.970804 
5.421551 92.641624 
5.179982 92.308762 
4.938648 91.972392 
4.697550 91.632688 
4.456686 91.289831 
4.216053 90.944003 
3.975646 90.595390 
3.735460 90.244181 
3.495486 89.890567 
3.255714 89.534745 
3.016136 89.176911 
2.776738 88.817264 
2.537509 88.456008 
2.298435 88.093346 
2.059501 87.729486 
1.820694 87.364635 
1.581996 86.999003 
1.343393 86.632802 
1.104868 86.266245 
0.866406 85.899546 
0.627990 85.532920 
0.389604 85.166582 
0.151233 84.800750 
-0.087139 84.435640 
-0.325526 84.071470 
-0.563943 83.708456 
-0.802402 83.346816 
-1.040916 82.986766 
-1.279496 82.628524 
-1.518151 82.272304 
-1.756890 81.918322 
-1.995720 81.566790 
-2.234646 81.217923 
-2.473672 80.871930 
-2.712799 80.529020 
-2.952028 80.189403 
-3.191357 79.853282 
-3.430781 79.520862 
-3.670293 79.192343 
-3.909885 78.867924 
-4.149544 78.547801 
-4.389259 78.232166 
-4.629011 77.921210 
-4.868783 77.615119 
-5.108551 77.314077 
-5.348292 77.018262 
-5.587979 76.727852 
-5.827581 76.443017 
-6.067065 76.163927 
-6.306395 75.890746 
-6.545532 75.623632 
-6.784434 75.362742 
-7.023057 75.108226 
-7.261352 74.860230 
-7.499268 74.618896 
-7.736751 74.384359 
-7.973745 74.156752 
-8.210189 73.936200 
-8.446021 73.722824 
-8.681175 73.516741 
-8.915581 73.318059 
-9.149168 73.126884 
-9.381863 72.943314 
-9.613586 72.767443 
-9.844260 72.599359 
-10.073800 72.439142 
-10.302121 72.286868 
-10.529136 72.142608 
-10.754755 72.006425 
-10.978883 71.878376 
-11.201427 71.758512 
-11.422289 71.646879 
-11.641368 71.543516 
-11.858564 71.448455 
-12.073773 71.361722 
-12.286889 71.283338 
-12.497804 71.213315 
-12.706409 71.151661 
-12.912593 71.098376 
-13.116244 71.053456 
-13.317249 71.016886 
-13.515491 70.988649 
-13.710854 70.968720 
-13.903221 70.957067 
-14.092474 70.953652 
-14.278493 70.958430 
-14.461159 70.971351 
-14.640350 70.992358 
-14.815945 71.021386 
-14.987823 71.058367 
-15.155863 71.103223 
-15.319941 71.155872 
-15.479938 71.216227 
-15.635730 71.284192 
-15.787196 71.359666 
-15.934216 71.442543 
-16.076669 71.532711 
-16.214435 71.630050 
-16.347395 71.734438 
-16.475432 71.845744 
-16.598429 71.963833 
-16.716270 72.088564 
-16.828840 72.219793 
-16.936028 72.357368 
-17.037723 72.501133 
-17.133814 72.650927 
-17.224196 72.806586 
-17.308762 72.967940 
-17.387411 73.134814 
-17.460041 73.307031 
-17.526555 73.484408 
-17.586857 73.666759 
-17.640855 73.853896 
-17.688458 74.045626 
-17.729581 74.241753 
-17.764139 74.442079 
-17.792053 74.646403 
-17.813245 74.854523 
-17.827643 75.066232 
