-32.692761 101.010042 
-32.700435 101.254201 
-32.700948 101.501977 
-32.694228 101.753101 
-32.680207 102.007306 
-32.658820 102.264322 
-32.630010 102.523876 
-32.593724 102.785696 
-32.549913 103.049510 
-32.498535 103.315045 
-32.439554 103.582030 
-32.372937 103.850196 
-32.298659 104.119272 
-32.216699 104.388994 
-32.127042 104.659099 
-32.029681 104.929326 
-31.924610 105.199419 
-31.811833 105.469127 
-31.691358 105.738202 
-31.563198 106.006403 
-31.427373 106.273493 
-31.283907 106.539242 
-31.132830 106.803427 
-30.974180 107.065829 
-30.807995 107.326241 
-30.634325 107.584458 
-30.453218 107.840286 
-30.264734 108.093538 
-30.068933 108.344037 
-29.865883 108.591612 
-29.655655 108.836102 
-29.438324 109.077354 
-29.213973 109.315226 
-28.982686 109.549582 
-28.744552 109.780299 
-28.499667 110.007260 
-28.248127 110.230359 
-27.990033 110.449499 
-27.725493 110.664593 
-27.454614 110.875561 
-27.177510 111.082335 
-26.894297 111.284856 
-26.605094 111.483071 
-26.310023 111.676941 
-26.009210 111.866430 
-25.702784 112.051516 
-25.390876 112.232183 
-25.073619 112.408424 
-24.751149 112.580239 
-24.423606 112.747638 
-24.091130 112.910638 
-23.753865 113.069262 
-23.411955 113.223543 
-23.065548 113.373520 
-22.714794 113.519238 
-22.359841 113.660750 
-22.000844 113.798115 
-21.637957 113.931398 
-21.271334 114.060669 
-20.901133 114.186005 
-20.527512 114.307488 
-20.150631 114.425205 
-19.770649 114.539247 
-19.387730 114.649710 
-19.002036 114.756696 
-18.613730 114.860309 
-18.222977 114.960656 
-17.829943 115.057851 
-17.434793 115.152007 
-17.037695 115.243243 
-16.638815 115.331680 
-16.238321 115.417440 
-15.836383 115.500650 
-15.433168 115.581436 
-15.028845 115.659928 
-14.623585 115.736257 
-14.217557 115.810553 
-13.810929 115.882951 
-13.403873 115.953583 
-12.996558 116.022585 
-12.589154 116.090090 
-12.181830 116.156234 
-11.774756 116.221150 
-11.368101 116.284975 
-10.962034 116.347840 
-10.556724 116.409880 
-10.152338 116.471227 
-9.749045 116.532013 
-9.347012 116.592366 
-8.946404 116.652415 
-8.547388 116.712287 
-8.150128 116.772108 
-7.754788 116.832000 
-7.361531 116.892083 
-6.970520 116.952477 
-6.581914 117.013297 
-6.195875 117.074656 
-5.812559 117.136665 
-5.432125 117.199431 
-5.054727 117.263058 
-4.680520 117.327647 
-4.309656 117.393296 
-3.942287 117.460098 
-3.578560 117.528144 
-3.218624 117.597521 
-2.862622 117.668311 
-2.510700 117.740591 
-2.162997 117.814437 
-1.819652 117.889919 
-1.480802 117.967101 
-1.146581 118.046045 
-0.817121 118.126808 
-0.492551 118.209441 
-0.172998 118.293991 
0.141416 118.380500 
0.450568 118.469006 
0.754341 118.559541 
1.052620 118.652132 
1.345292 118.746802 
1.632249 118.843568 
1.913384 118.942441 
2.188596 119.043428 
2.457785 119.146532 
2.720856 119.251749 
2.977715 119.359069 
3.228276 119.468479 
3.472451 119.579960 
3.710161 119.693487 
3.941327 119.809031 
4.165875 119.926557 
4.383736 120.046026 
4.594842 120.167392 
4.799132 120.290606 
4.996548 120.415614 
5.187034 120.542355 
5.370540 120.670766 
5.547021 120.800779 
5.716433 120.932318 
5.878738 121.065307 
6.033903 121.199663 
6.181897 121.335300 
6.322693 121.472126 
6.456271 121.610048 
6.582612 121.748967 
6.701703 121.888779 
6.813533 122.029380 
6.918097 122.170660 
7.015393 122.312506 
7.105424 122.454803 
7.188195 122.597430 
7.263717 122.740268 
7.332004 122.883191 
7.393074 123.026072 
7.446947 123.168782 
7.493650 123.311190 
7.533211 123.453162 
7.565663 123.594562 
7.591042 123.735255 
7.609386 123.875100 
7.620740 124.013958 
7.625148 124.151687 
7.622661 124.288147 
7.613331 124.423193 
7.597213 124.556682 
7.574366 124.688470 
7.544852 124.818412 
7.508734 124.946363 
7.466080 125.072178 
7.416959 125.195712 
7.361444 125.316821 
7.299608 125.435360 
7.231529 125.551185 
7.157285 125.664154 
7.076959 125.774123 
6.990634 125.880953 
6.898394 125.984501 
6.800327 126.084630 
6.696522 126.181200 
6.587070 126.274077 
6.472063 126.363124 
6.351594 126.448208 
6.225760 126.529199 
6.094655 126.605966 
5.958379 126.678382 
5.817030 126.746322 
5.670708 126.809661 
5.519514 126.868279 
5.363549 126.922059 
5.202917 126.970882 
5.037720 127.014637 
4.868063 127.053211 
4.694050 127.086499 
4.515786 127.114393 
4.333377 127.136792 
4.146928 127.153597 
3.956545 127.164713 
3.762336 127.170046 
3.564405 127.169506 
3.362860 127.163009 
3.157807 127.150472 
2.949351 127.131815 
2.737600 127.106964 
2.522660 127.075847 
2.304635 127.038396 
2.083631 126.994547 
1.859753 126.944242 
1.633106 126.887424 
1.403793 126.824041 
1.171917 126.754046 
0.937581 126.677396 
0.700887 126.594052 
0.461936 126.503980 
0.220828 126.407151 
-0.022338 126.303538 
-0.267463 126.193121 
-0.514451 126.075884 
-0.763204 125.951817 
-1.013629 125.820913 
-1.265630 125.683170 
-1.519117 125.538592 
-1.773997 125.387188 
-2.030181 125.228971 
-2.287581 125.063959 
-2.546110 124.892178 
-2.805682 124.713656 
-3.066214 124.528426 
-3.327625 124.336530 
-3.589833 124.138011 
-3.852761 123.932920 
-4.116333 123.721312 
-4.380473 123.503248 
-4.645109 123.278796 
-4.910171 123.048025 
-5.175590 122.811014 
-5.441299 122.567845 
-5.707234 122.318606 
-5.973333 122.063389 
-6.239535 121.802295 
-6.505785 121.535426 
-6.772025 121.262891 
-7.038203 120.984807 
-7.304269 120.701291 
-7.570173 120.412469 
-7.835870 120.118472 
-8.101317 119.819433 
-8.366471 119.515493 
-8.631296 119.206798 
-8.895753 118.893497 
-9.159810 118.575744 
-9.423435 118.253699 
-9.686598 117.927525 
-9.949274 117.597390 
-10.211437 117.263468 
-10.473066 116.925935 
-10.734140 116.584972 
-10.994644 116.240763 
-11.254560 115.893496 
-11.513876 115.543366 
-11.772582 115.190566 
-12.030667 114.835297 
-12.288126 114.477760 
-12.544952 114.118161 
-12.801142 113.756709 
-13.056696 113.393615 
-13.311612 113.029091 
-13.565893 112.663355 
-13.819541 112.296624 
-14.072561 111.929119 
-14.324958 111.561061 
-14.576738 111.192674 
-14.827911 110.824184 
-15.078483 110.455816 
-15.328465 110.087798 
-15.577867 109.720358 
-15.826697 109.353725 
-16.074968 108.988128 
-16.322691 108.623797 
-16.569875 108.260961 
-16.816533 107.899850 
-17.062675 107.540694 
-17.308311 107.183720 
-17.553452 106.829157 
-17.798106 106.477231 
-18.042283 106.128169 
-18.285989 105.782195 
-18.529232 105.439532 
-18.772016 105.100401 
-19.014346 104.765022 
-19.256225 104.433612 
-19.497653 104.106386 
-19.738630 103.783558 
-19.979153 103.465336 
-20.219218 103.151929 
-20.458818 102.843541 
-20.697944 102.540373 
-20.936586 102.242623 
-21.174730 101.950486 
-21.412359 101.664153 
-21.649456 101.383810 
-21.885999 101.109642 
-22.121964 100.841827 
-22.357323 100.580540 
-22.592048 100.325952 
-22.826105 100.078229 
-23.059459 99.837533 
-23.292070 99.604020 
-23.523896 99.377841 
-23.754892 99.159145 
-23.985009 98.948072 
-24.214196 98.744759 
-24.442397 98.549336 
-24.669554 98.361929 
-24.895604 98.182657 
-25.120484 98.011634 
-25.344124 97.848968 
-25.566453 97.694761 
-25.787396 97.549109 
-26.006875 97.412100 
-26.224808 97.283819 
-26.441110 97.164341 
-26.655695 97.053737 
-26.868470 96.952069 
-27.079343 96.859395 
-27.288217 96.775764 
-27.494991 96.701218 
-27.699563 96.635793 
-27.901828 96.579517 
-28.101679 96.532412 
-28.299004 96.494490 
-28.493692 96.465757 
-28.685626 96.446212 
-28.874690 96.435845 
-29.060764 96.434641 
-29.243726 96.442573 
-29.423454 96.459608 
-29.599823 96.485707 
-29.772707 96.520820 
-29.941977 96.564890 
-30.107506 96.617853 
-30.269162 96.679635 
-30.426815 96.750154 
-30.580334 96.829321 
-30.729587 96.917038 
-30.874441 97.013198 
-31.014765 97.117688 
-31.150424 97.230384 
-31.281289 97.351156 
-31.407226 97.479864 
-31.528104 97.616361 
-31.643795 97.760493 
-31.754168 97.912095 
-31.859096 98.070999 
-31.958453 98.237024 
-32.052114 98.409986 
-32.139957 98.589690 
-32.221861 98.775937 
-32.297708 98.968520 
-32.367383 99.167224 
-32.430772 99.371829 
-32.487767 99.582109 
-32.538261 99.797831 
-32.582150 100.018757 
-32.619336 100.244646 
-32.649722 100.475248 
-32.673216 100.710311 
-32.689731 100.949580 
