7.152883 -3.386718 
7.261189 -3.210550 
7.376661 -3.035514 
7.499244 -2.861776 
7.628883 -2.689504 
7.765520 -2.518859 
7.909096 -2.350005 
8.059548 -2.183101 
8.216813 -2.018304 
8.380823 -1.855770 
8.551510 -1.695651 
8.728805 -1.538097 
8.912635 -1.383255 
9.102925 -1.231271 
9.299600 -1.082285 
9.502583 -0.936436 
9.711793 -0.793860 
9.927150 -0.654689 
10.148571 -0.519050 
10.375970 -0.387071 
10.609263 -0.258872 
10.848361 -0.134571 
11.093176 -0.014283 
11.343616 0.101881 
11.599589 0.213816 
11.861003 0.321417 
12.127762 0.424587 
12.399769 0.523231 
12.676928 0.617259 
12.959139 0.706584 
13.246303 0.791125 
13.538318 0.870805 
13.835082 0.945550 
14.136491 1.015293 
14.442441 1.079969 
14.752826 1.139520 
15.067540 1.193890 
15.386474 1.243031 
15.709520 1.286897 
16.036569 1.325448 
16.367510 1.358649 
16.702231 1.386469 
17.040622 1.408883 
17.382569 1.425871 
17.727959 1.437417 
18.076678 1.443510 
18.428611 1.444146 
18.783642 1.439325 
19.141657 1.429050 
19.502539 1.413333 
19.866170 1.392189 
20.232435 1.365637 
20.601216 1.333705 
20.972395 1.296422 
21.345855 1.253825 
21.721477 1.205956 
22.099143 1.152861 
22.478736 1.094592 
22.860137 1.031206 
23.243228 0.962766 
23.627891 0.889340 
24.014009 0.811001 
24.401463 0.727826 
24.790137 0.639900 
25.179913 0.547312 
25.570675 0.450154 
25.962308 0.348527 
26.354694 0.242535 
26.747720 0.132286 
27.141271 0.017897 
27.535232 -0.100515 
27.929492 -0.222824 
28.323938 -0.348900 
28.718458 -0.478610 
29.112941 -0.611814 
29.507279 -0.748367 
29.901362 -0.888122 
30.295083 -1.030923 
30.688334 -1.176615 
31.081011 -1.325032 
31.473008 -1.476010 
31.864223 -1.629376 
32.254552 -1.784954 
32.643895 -1.942565 
33.032152 -2.102026 
33.419225 -2.263149 
33.805015 -2.425742 
34.189428 -2.589610 
34.572366 -2.754555 
34.953738 -2.920375 
35.333451 -3.086865 
35.711413 -3.253818 
36.087534 -3.421021 
36.461726 -3.588262 
36.833902 -3.755325 
37.203974 -3.921990 
37.571859 -4.088039 
37.937471 -4.253248 
38.300728 -4.417393 
38.661548 -4.580249 
39.019850 -4.741589 
39.375555 -4.901186 
39.728583 -5.058811 
40.078857 -5.214236 
40.426300 -5.367231 
40.770834 -5.517568 
41.112385 -5.665018 
41.450878 -5.809354 
41.786237 -5.950349 
42.118390 -6.087776 
42.447263 -6.221413 
42.772783 -6.351038 
43.094878 -6.476430 
43.413475 -6.597374 
43.728502 -6.713654 
44.039887 -6.825062 
44.347559 -6.931389 
44.651445 -7.032433 
44.951475 -7.127996 
45.247575 -7.217885 
45.539675 -7.301911 
45.827701 -7.379894 
46.111581 -7.451656 
46.391242 -7.517028 
46.666612 -7.575847 
46.937617 -7.627959 
47.204182 -7.673216 
47.466234 -7.711480 
47.723698 -7.742619 
47.976499 -7.766513 
48.224560 -7.783051 
48.467807 -7.792130 
48.706163 -7.793659 
48.939550 -7.787558 
49.167892 -7.773758 
49.391111 -7.752202 
49.609129 -7.722845 
49.821869 -7.685652 
50.029252 -7.640605 
50.231199 -7.587695 
50.427634 -7.526931 
50.618477 -7.458331 
50.803651 -7.381931 
50.983077 -7.297778 
51.156681 -7.205936 
51.324383 -7.106482 
51.486110 -6.999510 
51.641785 -6.885126 
51.791336 -6.763454 
51.934689 -6.634631 
52.071774 -6.498809 
52.202519 -6.356158 
52.326858 -6.206859 
52.444725 -6.051109 
52.556054 -5.889121 
52.660784 -5.721120 
52.758856 -5.547347 
52.850212 -5.368055 
52.934799 -5.183511 
53.012566 -4.993994 
53.083463 -4.799794 
53.147447 -4.601216 
53.204476 -4.398572 
53.254512 -4.192186 
53.297522 -3.982390 
53.333474 -3.769528 
53.362344 -3.553947 
53.384107 -3.336005 
53.398748 -3.116064 
53.406250 -2.894490 
53.406607 -2.671656 
53.399811 -2.447936 
53.385863 -2.223706 
53.364765 -1.999347 
53.336527 -1.775234 
53.301161 -1.551747 
53.258683 -1.329261 
53.209115 -1.108149 
53.152483 -0.888781 
53.088816 -0.671522 
53.018148 -0.456731 
52.940517 -0.244763 
52.855965 -0.035963 
52.764537 0.169330 
52.666284 0.370786 
52.561257 0.568085 
52.449513 0.760915 
52.331112 0.948978 
52.206116 1.131984 
52.074590 1.309655 
51.936603 1.481726 
51.792224 1.647945 
51.641527 1.808069 
51.484588 1.961873 
51.321481 2.109142 
51.152288 2.249675 
50.977087 2.383286 
50.795961 2.509801 
50.608991 2.629060 
50.416264 2.740917 
50.217862 2.845240 
50.013872 2.941911 
49.804380 3.030823 
49.589471 3.111887 
49.369234 3.185022 
49.143754 3.250164 
48.913118 3.307261 
48.677413 3.356272 
48.436726 3.397170 
48.191142 3.429941 
47.940747 3.454579 
47.685626 3.471094 
47.425863 3.479505 
47.161543 3.479842 
46.892748 3.472147 
46.619561 3.456471 
46.342064 3.432875 
46.060336 3.401430 
45.774458 3.362217 
45.484508 3.315325 
45.190566 3.260853 
44.892708 3.198907 
44.591010 3.129601 
44.285549 3.053059 
43.976399 2.969409 
43.663634 2.878789 
43.347328 2.781342 
43.027553 2.677218 
42.704382 2.566573 
42.377885 2.449570 
42.048135 2.326376 
41.715201 2.197163 
41.379155 2.062110 
41.040066 1.921399 
40.698004 1.775217 
40.353039 1.623755 
40.005240 1.467208 
39.654679 1.305773 
39.301423 1.139654 
38.945545 0.969053 
38.587113 0.794180 
38.226200 0.615244 
37.862877 0.432457 
37.497216 0.246035 
37.129289 0.056192 
36.759171 -0.136853 
36.386935 -0.332881 
36.012658 -0.531672 
35.636415 -0.733004 
35.258284 -0.936657 
34.878344 -1.142407 
34.496675 -1.350033 
34.113358 -1.559311 
33.728475 -1.770020 
33.342111 -1.981937 
32.954352 -2.194842 
32.565284 -2.408514 
32.174997 -2.622733 
31.783580 -2.837281 
31.391126 -3.051940 
30.997730 -3.266496 
30.603485 -3.480735 
30.208491 -3.694444 
29.812845 -3.907414 
29.416649 -4.119437 
29.020006 -4.330308 
28.623020 -4.539823 
28.225797 -4.747783 
27.828447 -4.953990 
27.431078 -5.158251 
27.033802 -5.360373 
26.636734 -5.560168 
26.239987 -5.757453 
25.843679 -5.952046 
25.447928 -6.143769 
25.052855 -6.332449 
24.658580 -6.517915 
24.265226 -6.700002 
23.872919 -6.878549 
23.481783 -7.053396 
23.091946 -7.224392 
22.703536 -7.391387 
22.316682 -7.554236 
21.931514 -7.712801 
21.548163 -7.866945 
21.166762 -8.016538 
20.787444 -8.161456 
20.410342 -8.301576 
20.035590 -8.436784 
19.663322 -8.566969 
19.293675 -8.692026 
18.926782 -8.811854 
18.562779 -8.926358 
18.201801 -9.035449 
17.843985 -9.139043 
17.489464 -9.237061 
17.138374 -9.329429 
16.790850 -9.416080 
16.447025 -9.496952 
16.107032 -9.571987 
15.771004 -9.641135 
15.439073 -9.704351 
15.111369 -9.761595 
14.788023 -9.812832 
14.469163 -9.858036 
14.154915 -9.897182 
13.845405 -9.930255 
13.540759 -9.957244 
13.241097 -9.978143 
12.946542 -9.992953 
12.657212 -10.001680 
12.373224 -10.004336 
12.094694 -10.000938 
11.821734 -9.991511 
11.554454 -9.976083 
11.292964 -9.954689 
11.037368 -9.927368 
10.787771 -9.894168 
10.544274 -9.855138 
10.306973 -9.810335 
10.075966 -9.759823 
9.851344 -9.703667 
9.633198 -9.641940 
9.421614 -9.574720 
9.216676 -9.502090 
9.018465 -9.424138 
8.827058 -9.340956 
8.642531 -9.252641 
8.464953 -9.159296 
8.294394 -9.061027 
8.130918 -8.957946 
7.974587 -8.850167 
7.825459 -8.737812 
7.683588 -8.621002 
7.549027 -8.499867 
7.421822 -8.374538 
7.302019 -8.245149 
7.189658 -8.111841 
7.084778 -7.974755 
6.987413 -7.834036 
6.897593 -7.689834 
6.815347 -7.542300 
6.740697 -7.391587 
6.673665 -7.237854 
6.614269 -7.081258 
6.562521 -6.921963 
6.518433 -6.760131 
6.482012 -6.595928 
6.453261 -6.429523 
6.432183 -6.261083 
6.418773 -6.090779 
6.413028 -5.918784 
6.414937 -5.745270 
6.424489 -5.570410 
6.441669 -5.394380 
6.466459 -5.217354 
6.498839 -5.039508 
6.538784 -4.861018 
6.586268 -4.682059 
6.641262 -4.502807 
6.703732 -4.323438 
6.773645 -4.144126 
6.850962 -3.965046 
6.935643 -3.786372 
7.027646 -3.608276 
7.126924 -3.430931 
