-1.773213 -43.816243 
-1.611148 -43.689650 
-1.442708 -43.566715 
-1.268006 -43.447583 
-1.087155 -43.332395 
-0.900271 -43.221287 
-0.707470 -43.114396 
-0.508872 -43.011852 
-0.304595 -42.913784 
-0.094760 -42.820318 
0.120511 -42.731576 
0.341095 -42.647677 
0.566869 -42.568734 
0.797709 -42.494861 
1.033489 -42.426165 
1.274085 -42.362751 
1.519371 -42.304718 
1.769219 -42.252164 
2.023504 -42.205181 
2.282099 -42.163857 
2.544876 -42.128279 
2.811709 -42.098526 
3.082470 -42.074674 
3.357034 -42.056797 
3.635272 -42.044962 
3.917059 -42.039233 
4.202268 -42.039669 
4.490774 -42.046326 
4.782451 -42.059254 
5.077175 -42.078498 
5.374820 -42.104100 
5.675264 -42.136098 
5.978384 -42.174523 
6.284058 -42.219402 
6.592164 -42.270759 
6.902582 -42.328610 
7.215192 -42.392970 
7.529877 -42.463846 
7.846519 -42.541241 
8.165001 -42.625154 
8.485209 -42.715577 
8.807030 -42.812500 
9.130349 -42.915905 
9.455058 -43.025771 
9.781045 -43.142069 
10.108203 -43.264768 
10.436425 -43.393831 
10.765605 -43.529215 
11.095642 -43.670872 
11.426431 -43.818749 
11.757874 -43.972788 
12.089873 -44.132925 
12.422330 -44.299092 
12.755151 -44.471215 
13.088244 -44.649215 
13.421517 -44.833008 
13.754882 -45.022503 
14.088252 -45.217607 
14.421542 -45.418220 
14.754670 -45.624236 
15.087556 -45.835546 
15.420121 -46.052035 
15.752289 -46.273584 
16.083986 -46.500066 
16.415141 -46.731354 
16.745685 -46.967312 
17.075549 -47.207801 
17.404671 -47.452678 
17.732986 -47.701794 
18.060435 -47.954998 
18.386961 -48.212131 
18.712507 -48.473032 
19.037021 -48.737538 
19.360451 -49.005477 
19.682749 -49.276677 
20.003868 -49.550961 
20.323764 -49.828148 
20.642396 -50.108054 
20.959723 -50.390493 
21.275707 -50.675273 
21.590314 -50.962201 
21.903509 -51.251081 
22.215261 -51.541713 
22.525540 -51.833897 
22.834319 -52.127427 
23.141571 -52.422098 
23.447272 -52.717702 
23.751400 -53.014029 
24.053933 -53.310867 
24.354852 -53.608004 
24.654139 -53.905226 
24.951777 -54.202317 
25.247750 -54.499062 
25.542044 -54.795243 
25.834645 -55.090645 
26.125541 -55.385049 
26.414720 -55.678239 
26.702170 -55.969997 
26.987883 -56.260107 
27.271846 -56.548353 
27.554052 -56.834519 
27.834490 -57.118392 
28.113151 -57.399758 
28.390026 -57.678406 
28.665106 -57.954125 
28.938380 -58.226708 
29.209840 -58.495948 
29.479474 -58.761641 
29.747272 -59.023586 
30.013221 -59.281583 
30.277311 -59.535437 
30.539526 -59.784953 
30.799853 -60.029942 
31.058276 -60.270217 
31.314778 -60.505593 
31.569341 -60.735892 
31.821946 -60.960938 
32.072571 -61.180558 
32.321193 -61.394585 
32.567788 -61.602856 
32.812330 -61.805211 
33.054791 -62.001496 
33.295140 -62.191562 
33.533344 -62.375264 
33.769371 -62.552463 
34.003183 -62.723024 
34.234741 -62.886820 
34.464005 -63.043727 
34.690932 -63.193627 
34.915475 -63.336410 
35.137588 -63.471969 
35.357219 -63.600206 
35.574316 -63.721026 
35.788823 -63.834345 
36.000684 -63.940080 
36.209838 -64.038159 
36.416222 -64.128516 
36.619772 -64.211090 
36.820420 -64.285829 
37.018097 -64.352687 
37.212730 -64.411627 
37.404246 -64.462617 
37.592568 -64.505635 
37.777616 -64.540665 
37.959311 -64.567699 
38.137570 -64.586738 
38.312307 -64.597789 
38.483436 -64.600869 
38.650867 -64.596003 
38.814512 -64.583223 
38.974278 -64.562571 
39.130070 -64.534094 
39.281796 -64.497853 
39.429358 -64.453912 
39.572659 -64.402347 
39.711601 -64.343242 
39.846086 -64.276689 
39.976012 -64.202788 
40.101280 -64.121649 
40.221789 -64.033391 
40.337438 -63.938139 
40.448125 -63.836030 
40.553750 -63.727206 
40.654212 -63.611820 
40.749410 -63.490032 
40.839244 -63.362009 
40.923615 -63.227930 
41.002425 -63.087977 
41.075578 -62.942342 
41.142976 -62.791225 
41.204527 -62.634832 
41.260137 -62.473376 
41.309716 -62.307078 
41.353175 -62.136162 
41.390427 -61.960863 
41.421389 -61.781416 
41.445978 -61.598067 
41.464116 -61.411062 
41.475727 -61.220655 
41.480737 -61.027101 
41.479077 -60.830662 
41.470681 -60.631600 
41.455484 -60.430182 
41.433427 -60.226675 
41.404454 -60.021350 
41.368513 -59.814477 
41.325556 -59.606327 
41.275539 -59.397173 
41.218420 -59.187286 
41.154164 -58.976934 
41.082739 -58.766387 
41.004117 -58.555912 
40.918275 -58.345770 
40.825193 -58.136224 
40.724856 -57.927529 
40.617256 -57.719939 
40.502384 -57.513700 
40.380240 -57.309056 
40.250827 -57.106242 
40.114151 -56.905491 
39.970223 -56.707025 
39.819061 -56.511062 
39.660682 -56.317812 
39.495112 -56.127477 
39.322380 -55.940251 
39.142516 -55.756319 
38.955558 -55.575859 
38.761545 -55.399039 
38.560523 -55.226017 
38.352539 -55.056943 
38.137645 -54.891959 
37.915897 -54.731193 
37.687353 -54.574768 
37.452075 -54.422793 
37.210131 -54.275371 
36.961588 -54.132592 
36.706520 -53.994538 
36.445001 -53.861280 
36.177111 -53.732879 
35.902931 -53.609388 
35.622545 -53.490848 
35.336042 -53.377292 
35.043510 -53.268742 
34.745043 -53.165212 
34.440736 -53.066707 
34.130686 -52.973221 
33.814995 -52.884741 
33.493764 -52.801244 
33.167099 -52.722701 
32.835108 -52.649072 
32.497898 -52.580310 
32.155584 -52.516362 
31.808277 -52.457164 
31.456094 -52.402648 
31.099154 -52.352737 
30.737575 -52.307348 
30.371480 -52.266393 
30.000992 -52.229775 
29.626238 -52.197393 
29.247344 -52.169140 
28.864441 -52.144903 
28.477658 -52.124566 
28.087130 -52.108005 
27.692990 -52.095095 
27.295374 -52.085703 
26.894422 -52.079695 
26.490272 -52.076933 
26.083066 -52.077273 
25.672947 -52.080571 
25.260058 -52.086678 
24.844547 -52.095443 
24.426560 -52.106712 
24.006247 -52.120331 
23.583758 -52.136141 
23.159246 -52.153982 
22.732862 -52.173695 
22.304763 -52.195117 
21.875103 -52.218085 
21.444042 -52.242435 
21.011736 -52.268003 
20.578347 -52.294624 
20.144035 -52.322133 
19.708962 -52.350365 
19.273292 -52.379156 
18.837189 -52.408341 
18.400818 -52.437757 
17.964346 -52.467241 
17.527940 -52.496631 
17.091768 -52.525768 
16.655998 -52.554492 
16.220800 -52.582646 
15.786344 -52.610074 
15.352801 -52.636622 
14.920342 -52.662139 
14.489139 -52.686476 
14.059362 -52.709485 
13.631185 -52.731022 
13.204780 -52.750946 
12.780318 -52.769118 
12.357972 -52.785403 
11.937915 -52.799668 
11.520318 -52.811784 
11.105353 -52.821626 
10.693192 -52.829072 
10.284004 -52.834005 
9.877960 -52.836309 
9.475230 -52.835877 
9.075982 -52.832601 
8.680384 -52.826380 
8.288602 -52.817119 
7.900801 -52.804724 
7.517147 -52.789108 
7.137801 -52.770189 
6.762925 -52.747888 
6.392679 -52.722135 
6.027219 -52.692860 
5.666703 -52.660003 
5.311284 -52.623506 
4.961114 -52.583319 
4.616343 -52.539395 
4.277118 -52.491695 
3.943583 -52.440184 
3.615881 -52.384835 
3.294151 -52.325623 
2.978530 -52.262534 
2.669151 -52.195555 
2.366145 -52.124682 
2.069639 -52.049916 
1.779758 -51.971264 
1.496621 -51.888741 
1.220347 -51.802364 
0.951048 -51.712159 
0.688835 -51.618159 
0.433812 -51.520400 
0.186082 -51.418926 
-0.054256 -51.313786 
-0.287110 -51.205035 
-0.512389 -51.092736 
-0.730009 -50.976954 
-0.939888 -50.857762 
-1.141951 -50.735239 
-1.336124 -50.609469 
-1.522340 -50.480540 
-1.700537 -50.348547 
-1.870657 -50.213590 
-2.032645 -50.075774 
-2.186454 -49.935207 
-2.332040 -49.792005 
-2.469363 -49.646287 
-2.598389 -49.498175 
-2.719089 -49.347797 
-2.831439 -49.195286 
-2.935418 -49.040776 
-3.031012 -48.884406 
-3.118211 -48.726321 
-3.197010 -48.566665 
-3.267408 -48.405588 
-3.329410 -48.243242 
-3.383026 -48.079782 
-3.428268 -47.915364 
-3.465156 -47.750149 
-3.493713 -47.584298 
-3.513967 -47.417975 
-3.525949 -47.251343 
-3.529695 -47.084571 
-3.525248 -46.917825 
-3.512652 -46.751273 
-3.491956 -46.585086 
-3.463214 -46.419433 
-3.426482 -46.254484 
-3.381822 -46.090410 
-3.329299 -45.927382 
-3.268981 -45.765568 
-3.200941 -45.605139 
-3.125254 -45.446265 
-3.041999 -45.289113 
-2.951258 -45.133850 
-2.853117 -44.980644 
-2.747663 -44.829658 
-2.634988 -44.681057 
-2.515186 -44.535002 
-2.388354 -44.391653 
-2.254589 -44.251169 
-2.113995 -44.113706 
-1.966674 -43.979418 
-1.812733 -43.848456 
